$ANSIBLE_VAULT;1.1;AES256
37326561643130613238353135646636663431353863326464346138613536366164316432363038
3463626238663064656261623230626132643530323661610a323365323331613837626161323534
62356165396431393530646136623039323038333431663537316236313134323937383138623062
3432366233653038360a616562313132643339646539633831653562363235386362353064636362
38356336353930306363656163353166663030613365303364306262653664373933326634646431
63306365653939333065666264393964353038346139393534646537623437653436393562613337
35383863303335343236656432646335393063373538653162353861643863386231316138653539
61386230353833323437653763636239666237396461643232316638393866363131393533343030
65646531653730386230373031613831366266376634363534333463343061633262326230646464
36663833306462326465633539383830373136663238376338356466343066396161623963336665
36643232383237323737356534623631376162343365396339616635346633653330363365393339
37633537613634326361353234656362346136326430396633303762393938633336646230393863
30613766333035316265623139356531623138353965613331373738666139316230383930643334
33346232366134313839623437363530656264613661333934623834643035363863306563303539
38396465326463323333346330636164663738346238323431666130313136366137636565393266
37346535363831633661303739373331316564636536613334303231313734323038333730336431
30656330373033393034363438653937373065356361373037653664626136303764623531633563
35363163313335333233653066333763306365376533343534636630616132373336346538396231
65663363633139363934303934636335613236613238626632646233363162613064323566666434
66336435313830396665343761333936323765633963613565666637376364376139623339663339
35323766633533616331353464313562383666623661663434353437623932623362323739626536
66653736376235343931343034326263356534626336633239643761376232613361393234366461
65333239353431353935613232363137653538626533613736363731663064323230363733623732
36396232306563346161623561316565326561396431653964373263636265343763663361633838
33316330353432306435653239623636323432653737346661613931663165386636656634373039
30323830653864366166613231653236306535323430633433653338313134396661323335363138
30663661643430633134663365656639386661373761326237636636396637373535306336393562
39623639316234333665373535663832326634663431396332316661646638623464333962653135
36333165366164623433373639343834343164313431623566353562623439656634356134626131
63343233386461653732316433376166626339333930343765666236663234313234353934656234
61666537306166633830316434356261333139363662313866343834396431353564396162323134
38313461666535616634613064313162646139636230393666616239303164343138326132336436
39363039653834333732346564353065353036353465393735666335363366366161356336656633
34323037326135323131306461313037303832306565316365393363313263616566333838376165
64643562646533623665396637313239326536613063313631376663643166656364363366333936
30363635613836643135616539383038643863633032643237313464373337333465643266663365
64653164633037613234623266616461353038353461366238336234626134333763636261393938
32303637333061333934646532636237633863663433633263363134613431663263353062643834
66656632373531386633306234383139353735643961666132313664663662636631386465386666
36613538643539333865653066343064616564373266323237623336363238313134613963616262
3739
